,startYear,movie,short,tvmovie,video
0,1874.0,,1.0,,
1,1877.0,,1.0,,
2,1878.0,,1.0,,
3,1881.0,,1.0,,
4,1882.0,,1.0,,
5,1883.0,,1.0,,
6,1885.0,,1.0,,
7,1887.0,,1.0,,
8,1888.0,,0.75,,
9,1890.0,,1.0,,
10,1891.0,,1.0,,
11,1892.0,,4.6,,
12,1893.0,,1.0,,
13,1894.0,,2.257142857142857,,
14,1895.0,,1.225,,
15,1896.0,61.0,1.092526690391459,,
16,1897.0,,1.261802575107296,,
17,1898.0,,1.3206106870229009,,
18,1899.0,135.0,1.4615384615384615,,
19,1900.0,59.5,1.7035175879396984,,
20,1901.0,,2.5677083333333335,,
21,1902.0,,2.6805555555555554,,
22,1903.0,60.0,3.2268041237113403,,
23,1904.0,68.0,4.137566137566138,,
24,1905.0,51.0,4.635294117647059,,
25,1906.0,70.0,5.842696629213483,,
26,1907.0,67.5,7.327868852459017,,
27,1908.0,90.0,9.035294117647059,,
28,1909.0,66.25,8.780701754385966,,
29,1910.0,69.93333333333334,11.42065491183879,,
30,1911.0,58.91304347826087,13.73851590106007,,
31,1912.0,57.285714285714285,12.876530612244897,,
32,1913.0,67.33333333333333,13.046153846153846,,
33,1914.0,84.84065934065934,14.76208651399491,,
34,1915.0,62.276363636363634,18.983050847457626,,
35,1916.0,58.95628415300546,18.12846347607053,,
36,1917.0,61.3001485884101,18.219638242894057,,
37,1918.0,62.74126984126984,17.228464419475657,,
38,1919.0,65.334375,16.451882845188283,,
39,1920.0,65.13665594855306,16.86120996441281,,
40,1921.0,66.63464837049743,17.730103806228374,,
41,1922.0,68.26206896551724,16.252100840336134,,
42,1923.0,73.31934306569343,15.640816326530611,,
43,1924.0,72.48355263157895,15.74496644295302,,
44,1925.0,72.57163531114327,15.593939393939394,,
45,1926.0,73.54366197183099,15.282051282051283,,
46,1927.0,72.30335570469799,14.59952606635071,,
47,1928.0,74.38661710037175,13.97752808988764,40.0,4.0
48,1929.0,77.91577540106952,12.609480812641083,,
49,1930.0,78.85123042505593,14.048314606741574,30.0,191.0
50,1931.0,79.90535714285714,13.938923395445135,,
51,1932.0,78.1573994867408,14.362279511533243,,
52,1933.0,80.49644760213144,15.129737609329446,41.0,
53,1934.0,81.82166666666667,15.097919216646266,,
54,1935.0,79.49608763693271,13.93213296398892,,3.5
55,1936.0,81.23278921220724,13.14655172413793,26.0,
56,1937.0,81.22743177046885,13.70317634173056,35.333333333333336,
57,1938.0,82.9277022190408,12.315489749430524,59.72222222222222,
58,1939.0,84.5064737242955,12.549019607843137,64.2,2.0
59,1940.0,84.16451612903226,12.092399403874813,,
60,1941.0,86.36587510993843,11.311914323962517,90.0,4.0
61,1942.0,85.64965986394557,11.662452591656132,,1.0
62,1943.0,85.1508078994614,12.895280235988201,60.0,50.0
63,1944.0,85.05372807017544,12.623357664233577,30.0,67.0
64,1945.0,85.37240537240537,13.177745664739884,55.4,10.0
65,1946.0,85.68991416309012,13.437325905292479,68.5,6.0
66,1947.0,87.2275390625,13.497829232995658,77.15503875968992,29.0
67,1948.0,86.88958147818343,13.418725617685306,84.42647058823529,
68,1949.0,89.18327974276528,13.377942998760842,87.28,
69,1950.0,88.87237026647966,13.953939393939393,68.73529411764706,6.0
70,1951.0,89.28463128876636,13.865810968494749,66.77215189873418,2.0
71,1952.0,90.66919365954514,13.626168224299066,62.57303370786517,1.3333333333333333
72,1953.0,91.79405806887239,13.4390779363337,55.93939393939394,2.0
73,1954.0,92.51902173913044,14.29736211031175,59.81363636363636,55.0
74,1955.0,92.75490196078431,14.342105263157896,63.732142857142854,
75,1956.0,92.26354679802955,15.398210290827741,66.47096774193548,1.0
76,1957.0,91.04226156482011,15.229813664596273,63.52153110047847,15.5
77,1958.0,91.57858376511226,15.525974025974026,65.13615023474179,1.0
78,1959.0,92.02043070127002,15.255594817432273,71.53427419354838,1.0
79,1960.0,92.5562805872757,15.154334038054968,67.93877551020408,8.8
80,1961.0,92.03915343915344,14.947095435684647,68.88630136986302,11.857142857142858
81,1962.0,93.11586638830897,15.400602409638553,69.92199488491049,2.8333333333333335
82,1963.0,93.60820685778528,14.986498649864986,68.54093264248705,5.333333333333333
83,1964.0,94.53154972236244,15.760195758564437,69.84008762322016,3.4
84,1965.0,93.6756120527307,14.654634946677605,69.4537540805223,1.5714285714285714
85,1966.0,92.4297994269341,14.785251215559157,71.20079522862824,9.615384615384615
86,1967.0,95.33318965517242,15.512390670553936,68.20203892493049,3.6666666666666665
87,1968.0,94.5984962406015,15.542258788332086,67.70949720670392,13.0
88,1969.0,91.9769288956127,15.377162629757786,67.95124481327801,17.0
89,1970.0,92.5706560922855,15.978060863411182,67.98513011152416,26.7
90,1971.0,90.31640625,16.27734095782702,70.9681592039801,23.785714285714285
91,1972.0,90.17188049209139,16.804469273743017,70.07765957446809,27.161290322580644
92,1973.0,89.8806338028169,16.71972049689441,72.66211962224554,29.88888888888889
93,1974.0,90.53732950466619,16.551724137931036,71.35744680851064,22.703703703703702
94,1975.0,89.30279021701688,17.272855133614627,74.61538461538461,23.29268292682927
95,1976.0,90.11479944674966,16.859074733096087,74.76813317479191,36.189189189189186
96,1977.0,91.6092481468408,17.2360097323601,74.03181818181818,31.666666666666668
97,1978.0,90.16036098576883,17.029839883551674,79.40725806451613,41.958333333333336
98,1979.0,90.3496808867988,16.652923538230883,77.33756097560976,43.671875
99,1980.0,91.6948275862069,16.92165242165242,80.94792586054722,46.611111111111114
100,1981.0,91.21618887015177,16.99320305862362,79.1422300263389,54.51075268817204
101,1982.0,92.39108409321176,17.454124189063947,81.38432483474976,56.59183673469388
102,1983.0,91.2091439688716,17.573160173160172,78.86027397260274,53.857142857142854
103,1984.0,90.82477243172951,16.959493670886076,79.68083097261568,59.05909090909091
104,1985.0,92.16774193548387,17.319969159599076,78.74857142857142,65.2248062015504
105,1986.0,91.05410628019324,17.976784178847808,80.6204523107178,65.37393767705383
106,1987.0,94.29158819836786,16.84881756756757,78.66956521739131,68.0201450443191
107,1988.0,92.36159062885326,17.318816762530812,78.58038147138964,69.17038875103391
108,1989.0,92.61824222289339,16.510204081632654,83.09399224806202,66.76359338061465
109,1990.0,92.22047970479704,16.50734214390602,78.9416826003824,63.555371900826444
110,1991.0,92.67159277504105,16.834522111269614,77.77272727272727,66.48455162019593
111,1992.0,93.19918144611187,16.371845949535192,78.43055555555556,68.64314868804665
112,1993.0,93.96743020758768,16.193146417445483,80.31125226860254,70.58306709265176
113,1994.0,92.50351053159478,16.445770065075923,78.71872376154492,69.76291079812206
114,1995.0,92.00356333009394,15.811444652908067,77.48042977743668,74.55897658282741
115,1996.0,93.04145244215938,15.653486394557824,78.94709388971684,73.82286704200953
116,1997.0,92.12552426602757,15.546407766990292,76.25953079178886,75.58560390402603
117,1998.0,91.17038539553752,15.389459728206829,77.97567567567567,77.15208853980721
118,1999.0,91.90599493385871,15.273764258555133,75.35503355704698,80.93555773634282
119,2000.0,91.03330731199584,14.801948907031868,76.30900529723367,83.51318293014405
120,2001.0,90.91030303030303,14.215032243718035,74.94002181025081,80.88209285187915
121,2002.0,90.99431430520809,14.395774911198355,75.902032308494,78.96615834551912
122,2003.0,90.2560822147651,14.177374979770189,74.32261116367077,81.77050847457627
123,2004.0,91.35714285714286,13.95366273352999,72.5021551724138,82.57713874910137
124,2005.0,89.24472152950956,13.66152910160211,74.13294314381271,80.48649371489704
125,2006.0,89.44942805538832,13.475481611208407,72.0937885643768,75.95955642530986
126,2007.0,88.96742349457058,13.254794758309467,70.68719489297784,73.17558245477028
127,2008.0,88.48031496062993,13.452828883663024,72.58272727272727,72.59870466321243
128,2009.0,87.50349354224011,13.20735454971613,71.51984126984127,66.86312669158397
129,2010.0,87.47731697819314,12.899601964769648,70.4114737883284,60.635359772025645
130,2011.0,88.76122280363536,12.776110943168078,69.92761904761905,61.73178331735379
131,2012.0,91.58391489361702,12.646953878683759,69.74254614292475,64.79500452957163
132,2013.0,88.45389558232932,12.488730934399527,69.55288932419197,68.5106067349058
133,2014.0,88.4067500948047,12.484404536862003,70.80281690140845,71.26533790096543
134,2015.0,89.41255341093266,12.31224148552319,67.21927194860814,71.59662956091528
135,2016.0,89.26082613968752,12.19294417682063,63.638271086865295,60.67710805252334
136,2017.0,90.04928546531893,12.178511633277525,64.99101412066753,55.964896489648964
137,2018.0,90.96771009588268,12.395514843295242,66.58831977022498,46.85179545742926
138,2019.0,94.30246333887163,12.28560857001903,67.86963190184049,52.71591480798256
139,2020.0,92.8068588825215,12.007090761750405,66.88224181360202,44.957819119543196
140,2021.0,90.81090657678679,12.851227781773348,69.70918704560476,37.415709522045205
141,2022.0,93.42409240924093,14.42747542555742,70.26726726726727,35.055363321799305
